100
-9.9678 -1.3764
6.6859 9.3447
-7.8203 5.3724
-1.9852 0.0515
4.4909 -2.3451
-4.0481 4.8624
-6.2293 9.2401
4.2063 7.9728
5.5021 2.2626
5.9754 -5.7378
6.9788 9.0606
2.2248 -4.4055
7.8449 5.2497
-0.5445 -5.9429
-0.2402 9.2013
-5.9927 -1.8391
-0.4763 -4.4474
-8.1411 -9.9339
8.8244 -7.3353
1.1399 -3.7407
5.6557 -3.2974
-0.0261 5.9530
8.8317 8.0728
-1.2695 -1.2445
-5.8535 7.0237
7.9331 -9.2700
-4.0928 2.1422
4.2988 -4.2691
0.6205 7.8687
-9.0351 -2.9204
-1.0292 0.5026
9.9985 -3.3312
8.9882 9.7008
4.7569 5.1300
8.4919 5.5449
1.0397 -6.7916
6.6965 2.7533
5.8282 -8.8902
8.1806 -4.8629
3.7394 -9.5895
-8.5105 -8.7465
-8.2704 4.9482
-2.7553 -7.8613
-0.7494 6.0761
5.6618 1.5049
-4.6503 3.5306
-2.4767 6.2473
9.2425 4.8871
4.6430 -9.2390
1.0557 5.7842
-5.7681 -6.3190
-2.2232 4.1818
-1.0432 -6.3613
-1.4212 9.1732
5.2550 1.3128
1.4157 -8.7708
-7.4276 5.5531
-9.9864 7.4961
-2.4577 9.2045
-5.4409 -1.4896
6.7142 0.4108
-5.6113 4.9299
5.6815 6.0597
4.7591 -1.9508
-1.9339 7.5687
6.7739 0.5079
-2.7685 -5.5828
-7.0063 1.0464
-9.5727 -0.9297
6.9568 -7.8328
-9.2995 -1.4278
4.9956 3.4196
-7.0686 -3.2119
4.2749 -9.8021
-4.3008 6.2213
-9.4677 -5.1706
5.1564 -3.7943
5.9030 -6.9979
9.7812 -4.4500
9.1467 -0.5650
-9.5092 4.5107
-8.1280 7.6006
5.9945 4.8513
-3.2564 -0.4303
6.4812 -2.8843
4.8870 3.4845
-2.2735 8.3441
-4.8239 9.2277
9.6050 6.8753
-1.7648 -7.5937
0.4216 9.1914
-7.2011 1.2127
4.2792 0.2001
8.6686 -8.0322
7.9132 -6.8808
9.7318 8.0095
7.6865 5.4034
1.2601 7.0189
8.9135 7.5182
2.4408 0.2576
